/ContrastName1	group mean 
/ContrastName2	risk>0 
/ContrastName3	risk<0 
/ContrastName4	slope>0 
/ContrastName5	slope<0 
/ContrastName6	interaction>0 
/ContrastName7	interaction<0 
/NumWaves	5
/NumContrasts	7
/PPheights		1.000000e+00	1.000000e+00	1.000000e+00	1.000000e+00	1.000000e+00	1.000000e+00	1.000000e+00
/RequiredEffect		0.517	0.734	0.734	3.796	3.796	3.797	3.797

/Matrix
1.000000e+00 0.000000e+00 0.000000e+00 0.000000e+00 0.000000e+00 
0.000000e+00 1.000000e+00 0.000000e+00 0.000000e+00 0.000000e+00 
0.000000e+00 -1.000000e+00 0.000000e+00 0.000000e+00 0.000000e+00 
0.000000e+00 0.000000e+00 1.000000e+00 0.000000e+00 0.000000e+00 
0.000000e+00 0.000000e+00 -1.000000e+00 0.000000e+00 0.000000e+00 
0.000000e+00 0.000000e+00 0.000000e+00 0.000000e+00 1.000000e+00 
0.000000e+00 0.000000e+00 0.000000e+00 0.000000e+00 -1.000000e+00 
